ATR_GRCh37_3:142274740-142274749_Frame_Shift_Del_DEL_TTTTTTTTTT_-_- (0.086136)
PRDM2_GRCh37_1:14108749-14108757_In_Frame_Del_DEL_AAAAAAAAA_-_- (0.083201)
GRB14_GRCh37_2:165365288-165365296_In_Frame_Del_DEL_TTTTTTTTT_-_- (0.066415)
TGFBR2_GRCh37_3:30691872-30691881_Frame_Shift_Del_DEL_AAAAAAAAAA_-_- (0.057689)
KIF26B_GRCh37_1:245849626-245849626_Missense_Mutation_SNP_C_T_T (0.015803)
ACVR2A_GRCh37_2:148683686-148683693_Frame_Shift_Del_DEL_AAAAAAAA_-_- (0.014956)
AIM2_GRCh37_1:159032487-159032496_Frame_Shift_Del_DEL_TTTTTTTTTT_-_- (0.013222)
BRAF_GRCh37_7:140453136-140453136_Missense_Mutation_SNP_A_A_T (0.012676)
ACVR2A_GRCh37_2:148683686-148683686_Frame_Shift_Del_DEL_A_-_- (0.011332)
C10orf90_GRCh37_10:128193313-128193313_Silent_SNP_G_A_A (0.010372)
PPP1R12B_GRCh37_1:202407190-202407190_Intron_DEL_T_-_- (0.010037)
CRTC1_GRCh37_19:18887993-18887993_Frame_Shift_Del_DEL_C_-_- (0.009487)
DDX27_GRCh37_20:47858504-47858504_Frame_Shift_Del_DEL_A_-_- (0.008789)
PGAM1_GRCh37_10:99192235-99192235_Missense_Mutation_SNP_G_A_A (0.008752)
DVL2_GRCh37_17:7129594-7129594_Frame_Shift_Del_DEL_C_-_- (0.008682)
FBXW7_GRCh37_4:153247289-153247289_Missense_Mutation_SNP_G_A_A (0.008592)
SEZ6L_GRCh37_22:26688897-26688897_Missense_Mutation_SNP_C_T_T (0.007176)
VEGFB_GRCh37_11:64004663-64004663_Frame_Shift_Del_DEL_A_-_- (0.006909)
CCDC170_GRCh37_6:151917595-151917595_Silent_SNP_G_A_A (0.006502)
ZNF248_GRCh37_10:38120580-38120580_Missense_Mutation_SNP_C_A_A (0.006490)
