MSH6_GRCh37_2:48030640-48030647_FrameShiftDelDEL-CCCCCCCC----,0.09375
ADCY5_GRCh37_3:123044275-123044275_MissenseMutationSNP-C-C-T_MissenseMutationSNP-C-T-T,0.15625
COL17A1_GRCh37_10:105798223-105798223_MissenseMutationSNP-G-G-A_MissenseMutationSNP-G-A-A,0.21875
MAEL_GRCh37_1:166987188-166987188_MissenseMutationSNP-C-C-T_MissenseMutationSNP-C-T-T,0.28125
RELN_GRCh37_7:103206800-103206800_MissenseMutationSNP-G-T-T_MissenseMutationSNP-G-C-C,0.34375
ITIH5_GRCh37_10:7605141-7605141_MissenseMutationSNP-C-T-T,0.40625
HYDIN_GRCh37_16:71127814-71127814_MissenseMutationSNP-C-T-T,0.46875
SETD1B_GRCh37_12:122242658-122242658_FrameShiftDelDEL-C----,0.53125
FHOD3_GRCh37_18:34174816-34174816_MissenseMutationSNP-G-A-A_MissenseMutationSNP-G-G-A,0.59375
TAS1R2_GRCh37_1:19181156-19181156_MissenseMutationSNP-G-G-A,0.65625
ATP1A1_GRCh37_1:116932065-116932065_SilentSNP-C-C-T_SilentSNP-C-C-A,0.6875
TUFT1_GRCh37_1:151552161-151552161_MissenseMutationSNP-G-G-A_MissenseMutationSNP-G-A-A,0.71875
FAM135B_GRCh37_8:139164067-139164067_MissenseMutationSNP-C-T-T,0.75
KRT28_GRCh37_17:38954595-38954595_SilentSNP-G-A-A_SilentSNP-G-G-A,0.78125
PXDN_GRCh37_2:1652984-1652984_FrameShiftDelDEL-G----,0.8125
ENOX2_GRCh37_X:129799652-129799652_MissenseMutationSNP-G-A-A,0.84375

