GRB14_GRCh37_2:165365288-165365296_In_Frame_Del_DEL_TTTTTTTTT_-_- : 0.06612779033095917
MSH3_GRCh37_5:79970915-79970922_Frame_Shift_Del_DEL_AAAAAAAA_-_- : 0.06379344328321279
SEC63_GRCh37_6:108214755-108214764_Frame_Shift_Del_DEL_TTTTTTTTTT_-_- : 0.06379344328321279
AIM2_GRCh37_1:159032487-159032496_Frame_Shift_Del_DEL_TTTTTTTTTT_-_- : 0.05576137332728148
BRAF_GRCh37_7:140453136-140453136_Missense_Mutation_SNP_A_T_T : 0.052482326770109555
PRDM2_GRCh37_1:14108749-14108757_In_Frame_Del_DEL_AAAAAAAAA_-_- : 0.049131034843894916
ACVR2A_GRCh37_2:148683686-148683693_Frame_Shift_Del_DEL_AAAAAAAA_-_- : 0.04419927742044749
TGFBR2_GRCh37_3:30691872-30691881_Frame_Shift_Del_DEL_AAAAAAAAAA_-_- : 0.04419927742044749
ATR_GRCh37_3:142274740-142274749_Frame_Shift_Del_DEL_TTTTTTTTTT_-_- : 0.04075296597280331
BRAF_GRCh37_7:140453136-140453136_Missense_Mutation_SNP_A_A_T : 0.04018412821569983
CASP5_GRCh37_11:104878041-104878050_Frame_Shift_Del_DEL_TTTTTTTTTT_-_- : 0.032679357310910095
TCF7L2_GRCh37_10:114925317-114925325_In_Frame_Del_DEL_AAAAAAAAA_-_- : 0.0242440929874691
CTNND2_GRCh37_5:11117571-11117571_Silent_SNP_G_A_A : 0.02422901925238241
ICA1_GRCh37_7:8198251-8198251_Frame_Shift_Del_DEL_T_-_- : 0.02422901925238241
KIF14_GRCh37_1:200573037-200573037_Missense_Mutation_SNP_C_T_T : 0.02422901925238241
MSH6_GRCh37_2:48030640-48030647_Frame_Shift_Del_DEL_CCCCCCCC_-_- : 0.02422901925238241
MYO3A_GRCh37_10:26446395-26446395_Nonsense_Mutation_SNP_C_T_T : 0.02422901925238241
PTEN_GRCh37_10:89692905-89692905_Missense_Mutation_SNP_G_A_A : 0.02422901925238241
SAT1_GRCh37_X:23802147-23802147_Intron_DEL_A_-_- : 0.02422901925238241
SGSM1_GRCh37_22:25315953-25315953_Missense_Mutation_SNP_C_A_A : 0.02422901925238241
TP53_GRCh37_17:7577120-7577120_Missense_Mutation_SNP_C_T_T : 0.02422901925238241
USP34_GRCh37_2:61546367-61546367_Nonsense_Mutation_SNP_G_A_A : 0.02422901925238241
ZNF491_GRCh37_19:11917796-11917796_Missense_Mutation_SNP_G_A_A : 0.02422901925238241
