GRB14_GRCh37_2:165365288-165365296_In_Frame_Del_DEL_TTTTTTTTT_-_- : 0.06612779033095917
MSH3_GRCh37_5:79970915-79970922_Frame_Shift_Del_DEL_AAAAAAAA_-_- : 0.06379344328321279
SEC63_GRCh37_6:108214755-108214764_Frame_Shift_Del_DEL_TTTTTTTTTT_-_- : 0.06379344328321279
AIM2_GRCh37_1:159032487-159032496_Frame_Shift_Del_DEL_TTTTTTTTTT_-_- : 0.05576137332728148
BRAF_GRCh37_7:140453136-140453136_Missense_Mutation_SNP_A_T_T : 0.052482326770109555
PRDM2_GRCh37_1:14108749-14108757_In_Frame_Del_DEL_AAAAAAAAA_-_- : 0.049131034843894916
ACVR2A_GRCh37_2:148683686-148683693_Frame_Shift_Del_DEL_AAAAAAAA_-_- : 0.04419927742044749
TGFBR2_GRCh37_3:30691872-30691881_Frame_Shift_Del_DEL_AAAAAAAAAA_-_- : 0.04419927742044749
ATR_GRCh37_3:142274740-142274749_Frame_Shift_Del_DEL_TTTTTTTTTT_-_- : 0.04075296597280331
BRAF_GRCh37_7:140453136-140453136_Missense_Mutation_SNP_A_A_T : 0.04018412821569983
CASP5_GRCh37_11:104878041-104878050_Frame_Shift_Del_DEL_TTTTTTTTTT_-_- : 0.032679357310910095
TCF7L2_GRCh37_10:114925317-114925325_In_Frame_Del_DEL_AAAAAAAAA_-_- : 0.0242440929874691
CDYL_GRCh37_6:4943786-4943786_Silent_SNP_C_T_T : 0.02422901925238241
CTNND2_GRCh37_5:11117571-11117571_Silent_SNP_G_A_A : 0.02422901925238241
ICA1_GRCh37_7:8198251-8198251_Frame_Shift_Del_DEL_T_-_- : 0.02422901925238241
KIF14_GRCh37_1:200573037-200573037_Missense_Mutation_SNP_C_T_T : 0.02422901925238241
KIF18A_GRCh37_11:28119446-28119446_Missense_Mutation_SNP_G_A_A : 0.02422901925238241
KIF20B_GRCh37_10:91497569-91497569_Missense_Mutation_SNP_G_A_A : 0.02422901925238241
LPHN3_GRCh37_4:62910205-62910205_Missense_Mutation_SNP_G_A_A : 0.02422901925238241
MSH6_GRCh37_2:48030640-48030647_Frame_Shift_Del_DEL_CCCCCCCC_-_- : 0.02422901925238241
MYO3A_GRCh37_10:26446395-26446395_Nonsense_Mutation_SNP_C_T_T : 0.02422901925238241
PTEN_GRCh37_10:89692905-89692905_Missense_Mutation_SNP_G_A_A : 0.02422901925238241
SAT1_GRCh37_X:23802147-23802147_Intron_DEL_A_-_- : 0.02422901925238241
SGSM1_GRCh37_22:25315953-25315953_Missense_Mutation_SNP_C_A_A : 0.02422901925238241
TP53_GRCh37_17:7577120-7577120_Missense_Mutation_SNP_C_T_T : 0.02422901925238241
USP34_GRCh37_2:61546367-61546367_Nonsense_Mutation_SNP_G_A_A : 0.02422901925238241
ZNF491_GRCh37_19:11917796-11917796_Missense_Mutation_SNP_G_A_A : 0.02422901925238241
TP53_GRCh37_17:7578406-7578406_Missense_Mutation_SNP_C_C_T : 0.020359167693477676
PIK3CA_GRCh37_3:178952085-178952085_Missense_Mutation_SNP_A_G_G : 0.018435420000293856
RAD50_GRCh37_5:131931452-131931460_In_Frame_Del_DEL_AAAAAAAAA_-_- : 0.017926949535354342
BCL10_GRCh37_1:85736511-85736518_Frame_Shift_Del_DEL_TTTTTTTT_-_- : 0.016079944396540258
BLM_GRCh37_15:91304139-91304147_In_Frame_Del_DEL_AAAAAAAAA_-_- : 0.016079944396540258
CACNG3_GRCh37_16:24366258-24366258_Missense_Mutation_SNP_G_A_A : 0.016079944396540258
CEACAM16_GRCh37_19:45202702-45202702_Intron_DEL_T_-_- : 0.016079944396540258
COL1A1_GRCh37_17:48268238-48268238_Silent_SNP_G_A_A : 0.016079944396540258
DNMT1_GRCh37_19:10246814-10246814_Missense_Mutation_SNP_C_C_G : 0.016079944396540258
EGR2_GRCh37_10:64573268-64573268_Missense_Mutation_SNP_C_T_T : 0.016079944396540258
FBXW7_GRCh37_4:153247289-153247289_Missense_Mutation_SNP_G_A_A : 0.016079944396540258
GAN_GRCh37_16:81391440-81391440_Nonsense_Mutation_SNP_C_T_T : 0.016079944396540258
HTR3B_GRCh37_11:113813713-113813713_Missense_Mutation_SNP_C_T_T : 0.016079944396540258
KRAS_GRCh37_12:25380277-25380278_Missense_Mutation_DNP_GA_TT_TT : 0.016079944396540258
MLF1_GRCh37_3:158320712-158320712_Nonsense_Mutation_SNP_C_C_T : 0.016079944396540258
PRB2_GRCh37_12:11546067-11546067_Silent_SNP_A_G_G : 0.016079944396540258
SLC43A1_GRCh37_11:57268319-57268319_Missense_Mutation_SNP_G_A_A : 0.016079944396540258
TUBA3C_GRCh37_13:19752431-19752431_Silent_SNP_G_A_A : 0.016079944396540258
